RESULTADO DE IMPLEMENTAÇÕES
- Cálculo Numérico (SME0602) 
- Projeto Prático 1 
- Alunos: Leandro Silva, Marianna Karenina, Marilene Garcia 

******** Bissecção ******** 

Função 1
[1.5707963267948966, 0.7853981633974483, 0.39269908169872414, 0.5890486225480862, 0.6872233929727672, 0.7363107781851077, 0.760854470791278, 0.7485826244881928, 0.7424467013366502, 0.739378739760879, 0.7378447589729933, 0.7386117493669362, 0.7389952445639076, 0.7391869921623933, 0.7390911183631504, 0.739043181463529, 0.7390671499133397, 0.739079134138245, 0.7390851262506977, 0.7390881223069241, 0.7390866242788109, 0.7390858752647542, 0.7390855007577259, 0.7390853135042118, 0.7390852198774547, 0.7390851730640762, 0.7390851496573869, 0.7390851379540423, 0.7390851321023699, 0.7390851350282062, 0.739085133565288, 0.739085132833829, 0.7390851331995585, 0.7390851333824233, 0.7390851332909909, 0.7390851332452747, 0.7390851332224166, 0.7390851332109876, 0.7390851332167021, 0.7390851332138448, 0.7390851332152735, 0.7390851332145592, 0.7390851332149163, 0.739085133215095, 0.7390851332151842, 0.7390851332151396, 0.7390851332151619, 0.7390851332151507, 0.7390851332151562, 0.7390851332151591, 0.7390851332151605, 0.7390851332151611, 0.7390851332151608, 0.7390851332151607]
Aprox. Inicial: 1.57079632679
Iterações: 54
Aprox. Final: 0.739085133215
Ordem de convergência: 0.333793791648

Função 2
[7.5, 3.75, 1.875, 2.8125, 3.28125, 3.046875, 2.9296875, 2.98828125, 3.017578125, 3.0029296875, 2.99560546875, 2.999267578125, 3.0010986328125, 3.00018310546875, 2.999725341796875, 2.9999542236328125, 3.0000686645507812, 3.000011444091797]
Aprox. Inicial: 7.5
Iterações: 18
Aprox. Final: 3.00001144409
Ordem de convergência: -4.4190225827

Função 3
[1.0, 0.25, -0.125, 0.0625, -0.03125, 0.015625, -0.0078125, 0.00390625, -0.001953125, 0.0009765625, -0.00048828125, 0.000244140625, -0.0001220703125, 6.103515625e-05, -3.0517578125e-05, 1.52587890625e-05, -7.62939453125e-06, 3.814697265625e-06, -1.9073486328125e-06, 9.5367431640625e-07, -4.76837158203125e-07, 2.384185791015625e-07, -1.1920928955078125e-07, 5.960464477539063e-08, -2.9802322387695312e-08, 1.4901161193847656e-08, -7.450580596923828e-09, 3.725290298461914e-09, -1.862645149230957e-09, 9.313225746154785e-10, -4.656612873077393e-10, 2.3283064365386963e-10, -1.1641532182693481e-10, 5.820766091346741e-11, -2.9103830456733704e-11, 1.4551915228366852e-11, -7.275957614183426e-12, 3.637978807091713e-12, -1.8189894035458565e-12, 9.094947017729282e-13, -4.547473508864641e-13, 2.2737367544323206e-13, -1.1368683772161603e-13, 5.684341886080802e-14, -2.842170943040401e-14, 1.4210854715202004e-14, -7.105427357601002e-15, 3.552713678800501e-15, -1.7763568394002505e-15, 8.881784197001252e-16, -4.440892098500626e-16, 2.220446049250313e-16, -1.1102230246251565e-16, 5.551115123125783e-17]
Aprox. Inicial: 1.0
Iterações: 54
Aprox. Final: 5.55111512313e-17
Ordem de convergência: 1.0


******** Secante ********

Função 1
[1.510206751496109, -0.30269846013134183, 0.5393186051029931, 0.8252924591282438, 0.7350523696854929, 0.7390116283833643, 0.7390851988090833, 0.739085133214096, 0.7390851332151606, 0.7390851332151607, 0.7390851332151607]
Aprox. Inicial: 1.5102067515
Iterações: 11
Aprox. Final: 0.739085133215
Ordem de convergência: 0.0

Função 2
[7.54054054054054, 6.766524932354079, 5.737061270403836, 5.096037268056138, 4.573466301168525, 4.190314880390058, 3.8978029152815994, 3.677945947438579, 3.5117039079923558, 3.3862919604617168, 3.2915979132339226, 3.2201222802293006, 3.1661649493323805, 3.1254343380947285, 3.0946875429564247, 3.0714775223284496, 3.0539567820840277, 3.040730770657156, 3.030746748829571, 3.0232100340813997, 3.017520736329277, 3.013226012552012, 3.0099840215063836, 3.007536714807806, 3.0056892976666427, 3.0042947237902924, 3.003241991091934, 3.0024473064544406, 3.001847416813082, 3.0013945717396275, 3.0010527348928315, 3.000794685485062, 3.0005998845897532, 3.000452842582268, 3.0003418604317647, 3.0002580125523406, 3.0001948652715775, 3.000147137675652, 3.0001110194949514, 3.000083930859426, 3.0000637375129435, 3.0000471340947246, 3.0000370276662434, 3.0000235524282686, 3.0000154672854835, 3.0000154672854835]
Aprox. Inicial: 7.54054054054
Iterações: 46
Aprox. Final: 3.00001546729
Ordem de convergência: -0.0

Função 3
[1.0082472573044141, 0.644284036672756, 0.2794171151379278, 0.10229654023261484, 0.02170143038601642, 0.002011989564316991, 4.281659313442113e-05, 8.599926994243035e-08, 3.682036129358995e-12, 9.281229926315777e-17, 9.281229926315777e-17]
Aprox. Inicial: 1.0082472573
Iterações: 11
Aprox. Final: 9.28122992632e-17
Ordem de convergência: -0.0


******** Newton ********

Função 1
[1.5707963267948966, 0.7853981633982338, 0.7395361335147409, 0.7390851781060045, 0.7390851332151611, 0.7390851332151607]
Aprox. Inicial: 1.57079632679
Iterações: 6
Aprox. Final: 0.739085133215
Ordem de convergência: 0.000220176920926

Função 2
[7.5, 5.999999999932248, 4.999999999896351, 4.3333333333080954, 3.8888888888325845, 3.592592592594528, 3.3950617282631135, 3.263374485508746, 3.175582990322447, 3.11705532680689, 3.0780368852876445, 3.0520245910349195, 3.034683061362358, 3.0231220420462974, 3.0154146962170434, 3.0102764635866723, 3.006850976129831, 3.0045673162233877, 3.003044875349133, 3.0020299314227055, 3.001353296177275, 3.00090228893652, 3.000601590856241, 3.000401178822232, 3.0002675317634084, 3.0001786208723193, 3.000118695499185, 3.000079695499185, 3.0000529030463547, 3.000036236379688, 3.000028544071996, 3.0000085440719957, 3.000003544071996]
Aprox. Inicial: 7.5
Iterações: 33
Aprox. Final: 3.00000354407
Ordem de convergência: 0.729524888594

Função 3
[1.0, 0.388165516874897, 0.0920303459523652, 0.007346329327991327, 5.3315921033724074e-05, 2.8423357767090335e-09, 9.277876332871626e-17]
Aprox. Inicial: 1.0
Iterações: 7
Aprox. Final: 9.27787633287e-17
Ordem de convergência: 1.75190937755


******** Halley ********

Função 1
[1.5707963267948966, 0.7853981633982338, 0.7462524722921521, 0.7390851756910601, 0.7390851332151607]
Aprox. Inicial: 1.57079632679
Iterações: 5
Aprox. Final: 0.739085133215
Ordem de convergência: 1.03731466744

Função 2
[7.5, 5.250003607451459, 5.054350478815829, 4.027173688041556, 3.5135901212791634, 3.2567975182055626, 3.12840208193433, 3.0641990949242346, 3.0320991999916083, 3.0160467423524495, 3.008025686872128, 3.0040105147324194, 3.002008760570159, 3.0010032947616145, 3.000497959492785, 3.0002506187828626, 3.000123481490145, 3.000066885745464, 3.0000362288111573, 3.0000206993993928, 3.000012423537324]
Aprox. Inicial: 7.5
Iterações: 21
Aprox. Final: 3.00001242354
Ordem de convergência: 0.912035435947

Função 3
[1.0, 0.15018774998568885, 0.1003923438497211, 0.000668474838912525, 2.4847172984485827e-10, 4.224086999091342e-17]
Aprox. Inicial: 1.0
Iterações: 6
Aprox. Final: 4.22408699909e-17
Ordem de convergência: 1.05283766532

